80.796
80.433
82.652
72.354
72.635
63.492
43.64
71.967
72.71
54.99
74.521
78.697
80.128
36.217
20.138
53.473
61.667
67.255
24.95
28.216
12.529
68.808
30.561
23.092
27.494
44.177
68.313
58.695
31.447
70.512
60.775
59.033
69.085
45.323
69.578
25.029
68.639
58.74
69.55
69.822
68.308
58.726
60.812
35.215
55.925
68.323
60.658
68.864
24.827
35.55
60.522
63.828
79.478
74.599
63.081
62.105
70.005
75.409
75.159
63.843
20.855
62.115
65.779
73.927
64.654
62.686
68.776
43.045
51.927
57.879
60.558
39.476
76.21
81.138
18.903
51.926
93.677
51.395
72.872
63.892
73.851
74.812
61.804
72.634
34.658
71.09
72.378
73.276
55.458
54.748
44.29
48.363
77.637
29.827
73.611
49.598
68.889
68.388
68.549
45.404
68.357
57.788
76.904
18.115
69.434
68.56
57.999
31.266
45.006
68.356
57.527
60.436
61.881
68.589
51.8
68.459
59.434
21.108
68.452
57.528
44.247
68.815
56.612
60.84
67.948
52.78
23.649
68.157
76.271
44.946
28.262
32.914
68.064
28.432
40.333
22.548
35.736
69.581
76.248
66.544
66.204
47.735
64.683
60.407
60.356
68.528
35.078
68.021
60.39
56.099
69.732
26.028
61.544
69.496
69.34
57.678
37.125
61.641
68.787
57.365
43.693
29.474
68.263
45.602
57.394
30.872
49.589
47.551
48.445
47.572
60.517
33.066
58.163
61.035
68.545
68.078
25.364
68.136
68.777
61.899
68.095
67.996
68.05
61.052
69.476
39.761
60.559
65.186
36.281
61.656
55.527
60.369
60.52
68.505
61.608
69.933
68.68
68.217
68.911
58.002
