2.107
2.243
3.677
6.904
2.757
3.748
3.588
2.863
3.222
4.075
3.613
4.812
4.253
2.479
3.902
8.973
2.476
3.676
2.941
2.876
4.325
2.874
6.567
3.38
3.641
3.116
5.086
2.984
3.238
4.05
4.539
6.96
3.311
3.018
2.457
2.537
2.126
5.539
5.028
2.534
1.898
2.94
3.275
4.642
2.676
2.671
3.532
3.928
2.352
3.902
3.064
2.582
2.168
2.639
2.534
3.073
5.831
2.589
2.41
2.293
2.332
4.106
3.261
1.744
6.184
3.007
2.718
9.012
2.58
4.133
3.149
2.344
2.359
2.238
2.959
9.758
3.059
3.829
2.627
3.008
2.461
3.016
2.269
3.949
1.928
2.928
3.71
4.436
5.481
3.139
3.437
2.622
2.734
2.693
2.981
4.227
3.657
2.531
3.803
3.903
2.022
3.874
2.294
2.964
6.327
3.297
2.42
2.501
7.936
5.713
1.573
2.541
1.947
2.686
10.223
3.738
2.136
3.651
2.066
2.132
2.315
2.208
3.914
4.866
1.955
5.829
3.33
2.111
4.848
2.345
3.529
2.548
2.634
6.313
3.083
1.754
3.127
3.246
2.574
8.724
2.774
4.803
2.685
4.064
2.03
3.058
2.148
2.197
2.369
3.342
5.25
2.106
3.044
3.673
2.895
4.551
2.338
2.052
2.309
4.025
2.729
1.928
2.546
7.576
2.362
5.436
2.676
5.795
3.753
2.18
2.811
4.144
2.412
4.518
2.153
6.207
2.916
2.778
2.842
2.347
3.508
2.693
2.797
2.11
2.919
4.834
6.163
2.957
4.901
3.336
3.428
1.913
2.078
3.608
7.031
3.472
3.644
3.052
3.229
4.081
2.644
2.272
2.838
3.409
1.575
5.762
4.506
1.971
2.852
2.818
3.209
2.195
2.894
2.34
4.02
4.398
6.663
4.408
2.961
5.592
2.056
1.857
2.756
2.494
1.93
4.258
2.456
4.768
3.859
3.011
2.689
3.605
5.688
4.263
5.613
1.727
2.306
6.829
2.739
4.332
2.465
3.091
2.214
9.665
8.094
1.828
4.526
15.702
4.508
3.128
5.629
2.201
6.894
3.595
2.979
3.485
2.329
5.136
5.373
3.286
4.602
2.76
2.016
3.558
4.977
2.915
2.903
2.726
4.278
2.36
2.812
3.149
4.606
3.117
3.518
5.258
5.15
2.122
4.35
1.911
3.675
2.613
5.283
2.324
4.291
5.337
3.084
4.853
2.196
2.865
2.305
5.768
3.502
2.03
2.738
2.776
1.959
3.135
2.063
1.881
5
2.678
3.159
3.079
2.166
3.095
4.623
4.261
3.11
3.457
2.444
4.532
2.503
2.574
3.506
5.108
5.276
5.641
3.436
3.239
7.528
2.6
1.738
2.966
2.497
2.981
8.146
4.022
2.651
4.129
1.625
3.458
2.09
4.29
2.068
3.06
11.829
4.921
4.309
3.569
2.99
4.6
2.108
2.176
2.135
4.499
3.273
2.047
3.142
2.445
4.018
1.878
10.417
5.182
2.597
2.695
1.687
6.027
9.399
7.455
2.685
2.088
3.758
4.125
3.045
5.565
2.619
2.137
4.695
3.672
3.374
3.512
3.235
5.158
3.64
4.725
3.473
2.285
4.989
3.229
3.94
1.942
3.259
2.858
3.081
3.24
4.457
2.841
6.315
2.655
2.434
2.952
3.913
2.334
3.061
10.425
2.022
3.792
2.139
2.331
2.022
2.896
3.345
2.945
8.522
3.008
2.682
3.297
5.835
2.33
1.85
2.343
2.076
1.762
1.726
5.356
2.543
1.524
7.16
3.942
2.103
1.888
6.558
4.858
2.319
3.165
2.41
2.806
2.927
5.069
3.464
1.835
3.573
3.298
3.08
3.1
2.008
9.269
3.044
2.737
2.651
5.129
5.847
2.848
1.904
2.381
2.308
2.106
2.683
3.724
2.339
2.171
2.648
2.176
1.879
2.854
1.723
3.092
3.58
2.991
9.913
2.152
4.866
2.082
3.052
2.678
3.058
2.921
4.258
3.312
2.171
4.85
7.198
11.936
2.967
2.565
5.169
5.558
3.139
4.42
2.787
3.154
1.852
6.809
2.422
1.846
2.712
2.696
2.968
6.502
3.191
5.324
4.423
3.443
1.902
2.196
1.866
3.587
5.224
4.42
5.9
2.721
2.076
3.659
2.201
2.547
3.892
4.306
4.07
2.555
2.616
2.507
2.94
8.886
2.442
3.651
4.15
3.099
2.838
4.097
2.267
3.06
2.208
3.065
6.252
3.054
2.949
2.538
2.646
2.251
2.099
2.986
2.158
2.353
4.98
3.538
2.394
3.454
5.221
2.424
5.733
1.801
3.512
3.896
3.875
3.089
3.418
2.686
2.877
2.127
2.528
8.511
3.879
2.732
2.152
4.883
5.335
4.619
2.635
1.568
2.83
2.715
2.472
2.016
3.848
3.108
2.947
2.638
5.64
4.087
4.982
5.988
4.019
3.299
2.795
1.884
3.173
2.069
2.585
3.893
2.023
4.263
7.597
2.348
2.622
4.349
6.053
2.586
2.503
3.708
7.24
4.111
2.099
6.577
2.315
2.254
3.261
3.068
5.098
3.536
3.297
2.733
2.559
6.607
5.246
2.175
4.173
2.201
3.361
3.729
4.27
2.713
9.196
4.257
2.889
6.809
3.337
2.996
5.286
5.151
6.587
3.186
2.719
3.698
1.691
4.504
4.834
3.384
3.985
1.986
3.608
2.335
3.528
8.478
3.352
3.793
2.631
2.054
2.454
3.815
3.65
2.279
3.892
2.349
3.378
3.045
6.471
9.811
2.057
3.932
4.248
4.805
3.735
4.67
2.346
2.967
3.457
3.907
4.228
1.86
2.699
3.488
2.022
3.215
2.728
3.29
3.969
2.636
2.641
3.718
6.82
2.511
2.322
3.28
2.972
9.544
6.783
8.589
4.469
5.701
2.223
2.152
2.623
8.29
4.949
3.96
3.986
2.112
3.883
15.641
2.916
2.419
2.719
2.948
1.858
4.799
3.666
3.949
3.372
2.932
3.437
3.139
1.901
3.18
3.55
5.418
3.07
2.405
2.141
2.462
2.728
6.64
3.91
2.789
2.903
13.06
6.745
5.585
5.918
4.511
4.3
7.42
2.537
3.758
7.592
4.203
4.478
2.631
3.466
3.924
7.769
4.34
8.724
3.384
2.677
3.702
3.663
2.299
2.319
1.996
1.628
2.32
2.471
2.967
3.61
3.223
6.347
3.46
10.287
9.663
1.932
2.385
2.665
7.535
4.133
3.989
6.776
4.096
2.493
2.147
2.924
3.202
2.448
5.198
2.045
3.29
2.938
2.182
3.85
12.949
4.642
1.989
2.609
1.999
4.311
2.155
4.169
4.094
3.651
4.726
3.626
2.346
3.547
5.41
2.224
4.04
1.576
3.043
5.586
4.584
3.415
2.781
4.421
6.859
3.919
4.639
4.842
3.281
3.468
2.914
3.125
4.388
3.205
2.537
3.564
1.993
8.952
3.502
4.366
4.046
7.33
4.032
3.534
2.665
3.716
2.546
3.573
2.327
3.102
2.749
2.951
2.061
4.143
3.424
4.724
4.319
2.191
2.601
2.807
8.75
3.429
2.614
3.461
3.39
3.373
2.308
8.101
4.312
2.128
2.286
4.98
3.235
2.739
5.23
2.513
2.077
3.681
5.767
3.172
2.6
3.298
3.54
5.552
3.885
2.983
2.753
4.066
4.514
2.971
2.836
7.021
3.962
3.695
1.974
3.085
2.187
2.291
2.809
2.306
3.6
4.997
2.812
2.589
2.861
3.088
2.07
3.632
1.674
3.177
3.017
4.697
4.345
2.311
2.997
5.419
5.701
3.215
2.088
2.991
3.188
2.751
2.349
2.197
1.834
2.748
2.599
2.077
2.676
7.46
2.696
3.398
1.974
2.081
3.585
3.464
2.197
2.309
3.183
1.701
7.846
24.526
1.785
2.258
3.702
3.125
6.618
4.716
2.927
1.61
2.437
8.016
1.764
5.704
3.385
2.682
1.353
3.163
2.65
1.96
2.132
2.826
1.824
2.847
4.788
2.182
2.343
2.196
2.894
5.059
2.715
2.523
5.621
2.111
4.433
2.024
2.877
2.498
2.357
4.513
1.717
2.09
1.794
2.064
2.27
3.242
1.873
1.684
3.76
1.936
2.046
2.046
1.761
5.463
3.746
3.967
2.705
3.725
2.197
3.438
4.309
2.047
6.788
2.353
3.087
2.854
4.039
2.898
2.083
3.277
2.359
2.916
2.146
5.374
1.817
7.342
2.904
3.229
4.276
2.537
1.658
4.621
2.297
2.665
3.365
3.586
2.558
1.913
1.546
2.24
2.612
