299.159
124.446
157.793
170.012
24.922
133.942
49.714
77.473
159.816
62.281
63.193
67.721
69.139
205.254
23.897
45.599
97.305
633.289
67.409
33.321
90.229
58.283
253.385
75.562
68.114
417.08
100.18
45.882
318.507
135.587
119.191
182.982
63.876
42.972
97.044
83.21
62.857
83.891
76.52
245.801
43.015
55.144
120.033
45.361
22.723
85.593
64.862
209.031
372.458
54.182
95.689
54.942
48.314
218.699
379.029
114.503
92.016
136.827
48.587
80.099
311.041
120.011
383.346
279.069
289.494
607.177
37.412
170.826
40.814
114.051
339.776
118.65
111.518
40.316
196.615
65.762
66.967
36.368
112.075
54.873
133.651
72.779
108.104
17.846
236.763
141.75
99.42
49.518
82.511
35.482
33.966
109.822
79.136
119.213
55.695
123.626
87.222
75.603
89.199
76.81
75.617
50.914
207.299
89.322
139.508
96.62
134.846
203.871
102.348
25.636
233.857
29.266
320.293
48.734
34.985
56.027
104.417
105.097
132.496
22.114
146.762
139.392
223.915
25.636
14.996
232.98
72.991
237.442
353.798
44.616
90.857
186.948
77.928
84.143
85.244
71.737
122.626
50.086
288.223
103.116
173.677
41.981
167.578
60.501
30.642
101.968
42.447
60.006
153.065
116.931
49.914
34.845
41.499
41.662
29.756
53.694
291.956
59.304
21.075
66.802
125.322
305.363
46.975
79.927
279.762
500.651
178.59
81.469
48.943
293.81
67.24
612.592
41.287
27.569
40.425
154.601
131.186
254.709
65.908
121.795
400.079
142.677
148.479
113.682
149.264
30.702
120.473
69.124
19.621
406.329
116.587
24.07
56.368
55.581
68.404
97.047
68.297
211.589
102.534
41.851
171.753
41.422
200.859
80.943
344.557
103.389
88.42
45.925
677.836
42.109
120.911
127.008
61.838
30.881
54.408
245.913
103.652
43.982
222.498
206.696
23.791
34.578
92.964
72.966
42.553
88.617
38.084
342.845
70.943
15.832
165.945
76.676
32.545
63.241
83.06
91.738
86.026
74.292
69.151
22.632
111.272
63.405
37.279
97.518
139.436
77.893
157.289
162.728
54.95
76.028
674.37
114.459
44.649
42.617
45.724
131.242
264.342
90.179
322.63
301.056
150.227
109.238
72.272
279.944
82.506
128.112
213.529
17.245
81.544
99.476
52.228
233.415
60.049
219.727
43.499
95.467
91.255
238.113
355.923
293.326
80.528
174.471
32.025
25.699
75.359
53.686
53.62
98.07
274.46
122.204
644.349
56.359
145.443
265.308
182.914
67.642
186.13
485.618
89.128
199.013
169.357
148.072
146
55.141
148.154
70.374
53.082
104.675
31.03
134.333
41.24
127.07
79.169
296.822
20.881
218.517
132.203
134.737
646.325
160.269
146.02
259.585
69.468
50.523
340.641
16.188
149.595
85.868
113.874
382.8
203.385
77.397
27.958
48.158
63.41
83.439
194.294
46.837
171.44
109.014
38.795
81.384
44.437
36.471
136.669
27.229
61.336
70.145
298.705
45.961
93.901
23.346
26.201
310.876
39.47
167.453
39.028
40.764
623.426
47.673
24.204
139.455
74.98
134.356
40.074
19.326
40.771
607.762
124.684
175.181
31.572
53.997
142.405
33.253
383.367
97.45
227.066
210.43
39.834
45.241
83.657
69.729
117.368
40.687
30.589
44.832
37.951
99.929
37.858
502.981
269.822
26.966
341.402
101.121
81.409
31.665
70.043
146.472
131.328
130.374
166.961
73.144
119.708
19.04
432.828
26.988
79.919
63.088
73.686
91.555
78.248
91.127
134.371
161.384
233.609
137.386
53.44
55.15
423.139
365.893
32.55
491.192
91.256
54.172
544.678
48.77
30.957
300.493
155.077
138.551
359.418
184.537
84.036
132.064
158.95
180.454
35.132
91.319
110.991
110.295
55.062
55.92
25.864
80.309
29.716
31.435
458.961
162.333
40.967
112.781
772.097
128.594
241.464
112.399
3078.071
334.458
45.988
103.568
19.388
49.685
48.032
190.086
100.17
361.262
28.588
76.122
197.237
42.13
36.122
664.884
72.226
80.924
258.054
49.225
241.533
52.699
52.526
60.252
588.74
