5.247357
1.832631
9.123763
6.411517
6.414959
0.9153114
6.704873
0.575395
4.691854
4.141378
9.345592
4.67299
4.398375
2.115926
1.476189
5.741139
2.335985
1.718711
2.945717
2.14709
5.066711
2.279613
6.283057
3.724153
9.129236
1.340612
3.286196
3.302157
2.668877
3.787399
3.989632
3.200198
2.468198
5.645904
0.8060484
4.490426
2.9403
4.998414
0.2546681
7.23835
10.65353
2.036564
2.639804
4.150949
10.4887
1.889284
0.414638
5.600593
5.665554
1.904516
7.209615
3.031734
0.102506
1.582126
1.276861
3.745845
1.659247
2.380618
2.959702
3.057572
6.003072
0.9194116
0.8118704
2.323239
0.9639502
5.162977
2.551117
2.834703
1.51086
1.444918
4.702506
2.67428
7.689119
-0.3271973
1.072948
8.766352
4.419309
7.011842
1.22712
7.938703
6.356693
0.8788493
2.247261
5.544595
1.072886
2.765742
1.349616
2.552502
4.054271
5.041877
2.674934
13.86881
17.68556
0.2324611
1.079652
1.06367
3.383982
7.037694
4.860031
2.561781
1.124196
5.758964
3.433395
7.847935
2.498822
7.72901
1.469149
3.809201
6.961188
5.464856
8.471744
4.892244
1.979347
2.091797
1.136076
3.692441
0.4372309
3.742214
6.5041
6.35935
4.064557
2.305892
1.688471
6.642915
5.294899
3.32205
3.863458
3.782202
2.619317
4.032842
10.39845
1.457726
1.635925
0.903849
2.986219
3.459584
13.85394
3.363761
0.9149334
1.812198
5.921981
3.926336
1.21092
5.738805
7.959964
2.469868
1.900479
0.5065787
3.551821
4.620717
3.041511
3.94798
6.19357
6.383932
7.340015
7.005313
4.187791
3.227774
4.739005
6.97629
6.196312
4.21698
1.733799
5.791937
2.163928
2.850123
2.078937
4.969585
5.160522
5.369881
3.521369
7.340744
5.435383
5.162865
5.10511
9.54016
0.4028037
0.71038
2.267251
6.513245
2.54277
5.810253
0.2864067
1.391709
4.465896
1.32988
3.296931
1.389402
5.114907
3.530307
0.3449572
2.941551
4.029631
3.162052
0.07921638
4.762415
4.342678
10.48359
10.13706
9.597298
1.011741
2.537531
14.59639
7.288373
2.747158
3.773974
1.87097
7.676204
4.381472
3.707413
2.566981
6.89122
3.14294
5.623386
3.274411
6.28706
4.502834
3.862852
0.8452367
5.549947
8.329047
6.313954
2.207798
3.929077
3.11103
2.592684
1.035671
6.563753
1.075869
3.227773
8.147817
7.97711
0.208597
4.311605
1.483206
2.570327
3.150029
2.144703
2.620129
0.977851
8.025784
1.83761
10.53451
9.817324
6.99051
2.462334
9.414089
6.351908
2.91107
1.448998
5.835925
6.940112
6.562392
2.336894
5.623251
2.917884
6.975185
6.098393
2.21272
0.738614
1.564677
2.931931
2.663291
5.032208
3.293162
8.896102
6.341538
4.521014
2.570449
4.181935
2.309527
4.75434
2.0188
5.037097
2.661998
2.146108
1.135029
3.060857
3.059759
3.32673
0.9399191
5.899009
1.09406
4.540434
2.056746
10.43597
0.2552335
3.807875
5.919785
8.584355
5.993643
2.777861
1.426586
1.908276
11.17442
2.414555
1.43332
2.581858
9.43141
2.112461
2.927478
2.236149
3.013275
5.092428
5.89333
9.597903
5.489049
3.550883
4.803175
3.719799
2.799775
11.59079
2.007034
0.9259955
12.96984
1.487596
0.8469439
1.510357
0.3527834
3.410619
3.591892
4.27706
2.131523
0.4616857
6.899696
9.800139
5.738053
2.887892
4.973196
2.252635
2.025972
11.13907
7.935757
-0.08164663
5.546266
3.364502
0.6893577
3.027045
5.278294
4.084718
8.471891
4.898699
2.259622
10.46271
4.282547
1.770959
1.780449
0.8239704
0.3621527
6.665238
0.5735155
5.869701
8.866268
2.018896
1.228886
5.105382
6.276374
7.41946
3.210269
1.517904
9.814976
5.068873
9.36666
0.01517055
0.9405479
4.306439
0.06112479
2.769804
6.065044
3.943863
7.1432
0.6835557
1.888102
3.09851
1.288086
3.36714
10.9338
2.343254
2.791025
6.625526
1.439384
1.138892
4.28008
6.286641
3.561964
3.720629
6.505005
3.858112
6.159452
2.743527
1.376335
2.571773
6.777307
1.444129
6.193521
8.920032
6.27523
8.447119
7.089175
4.178748
3.412162
0.3476351
3.531585
3.51149
2.399675
11.77322
2.457303
0.8906555
3.746345
7.392143
1.596334
1.880708
2.734599
2.627924
7.697857
4.863658
5.689682
5.916317
4.804706
7.948414
2.264826
14.05965
2.231415
5.604456
8.298086
2.546773
4.114781
5.967145
7.751531
1.525996
6.664683
1.498512
2.539886
9.639036
1.376438
1.600478
-0.262096
1.975383
2.736922
11.40741
0.6314482
9.401492
3.741221
1.516237
7.584322
3.164003
1.202278
7.436015
15.1976
0.2442356
6.511795
1.94556
6.686188
6.774702
4.782981
6.010255
10.07582
3.750169
4.268434
7.410172
3.122873
5.159751
1.130224
4.347021
6.519018
2.843626
2.822262
10.85417
1.059434
6.656455
0.5498202
2.932804
1.933349
5.623817
3.49265
10.55446
6.416216
2.538942
3.331588
6.045861
2.924772
6.366957
7.250852
2.44768
6.208937
4.237553
8.371752
5.471547
2.351347
4.321314
9.498822
1.974027
4.698792
2.14266
2.825163
2.414688
4.586214
2.130974
10.01013
1.961372
4.695676
4.877541
6.151259
5.962409
1.409347
0.5866368
7.330506
2.393021
7.583217
2.740897
4.169794
1.676992
3.286229
6.73906
0.4792807
8.427598
2.574754
1.572712
5.325909
1.581678
4.368117
3.101606
4.235748
8.559869
3.320828
1.926948
9.501725
1.399286
8.43595
6.848602
6.571778
1.954652
2.103242
1.897106
14.31665
2.776869
6.166356
4.164225
9.842521
1.365219
4.061865
3.860247
1.393235
5.028642
8.986247
0.9155541
9.563609
12.66909
8.477614
11.58262
6.494822
1.860405
4.17293
3.693338
2.291531
0.9012723
6.663365
4.032539
3.077522
9.112207
0.2753705
2.415946
4.424588
0.8149484
2.845127
1.202919
2.131314
8.60082
4.116738
5.008419
3.126984
2.840031
0.1803944
3.566732
-0.05841676
4.183199
2.684644
4.873474
3.749972
2.864791
1.220691
3.945029
7.354583
10.02499
3.015288
6.461298
5.473036
6.518308
3.021299
3.546427
2.973376
3.870695
8.845092
7.929347
7.188828
5.569341
6.926266
2.229356
3.654797
1.095104
4.456748
4.92439
6.067104
8.38839
4.559576
14.10732
5.058578
1.569854
4.267773
2.792536
4.437628
7.155308
3.210647
6.573203
1.111518
0.6911328
3.293702
5.268646
5.883141
3.585502
1.858666
7.338702
3.423002
0.5557732
3.596493
4.927641
7.994578
2.27103
1.712434
3.60888
6.307338
1.314861
4.464257
4.09961
1.283814
0.9595238
3.278384
7.501504
2.807145
2.211772
5.8068
3.161964
2.264066
6.320882
3.043017
10.658
3.895472
5.134931
6.666384
2.244883
2.648137
8.62641
3.243315
3.138109
1.688861
3.766328
9.840159
4.095345
3.08143
2.747787
3.730818
9.381158
4.009547
4.112177
5.575091
2.456951
5.798045
5.418179
4.185988
-0.1250711
3.681506
2.39178
2.62527
7.217158
0.9521724
3.094447
9.2438
9.4556
3.625254
2.289377
4.143631
3.807394
1.303046
0.2630499
1.019413
5.08597
2.744112
6.176507
2.83497
2.692916
7.292148
3.770024
1.527284
1.577765
8.358431
2.15092
1.925027
3.239476
5.070224
7.717455
7.207411
4.371799
3.536855
1.244299
4.381269
5.215622
6.811212
3.373027
2.683309
5.265101
4.496062
7.374852
7.734803
4.387688
2.491782
4.909418
1.072234
0.9294765
-0.1809349
8.035092
10.98151
8.575548
5.136175
5.631498
6.351253
3.0232
7.422216
6.607758
1.535201
3.377492
5.732955
0.6744723
2.386336
2.33151
4.265065
2.841929
10.74283
-0.04896987
10.05536
0.8754528
8.479863
4.743286
1.758123
4.196706
4.03217
3.021914
6.710722
1.947772
7.62582
4.926732
2.954421
4.422953
4.205789
12.2015
4.075374
6.624489
6.263176
1.828804
1.583636
1.779104
6.755395
3.971593
4.91565
7.915809
5.500144
7.735774
7.058146
3.002198
6.505964
3.866608
4.764427
0.7469042
1.723363
5.744589
3.640063
2.032759
2.182232
0.9119295
5.361904
1.182568
1.411304
0.2208639
0.82557
3.698847
3.470599
11.75746
5.753409
8.274744
7.067832
4.383315
1.623743
0.001643606
0.4404959
4.395942
0.8162976
2.671086
2.529737
2.590707
3.501872
13.37169
1.285164
4.636654
1.852401
15.68931
6.01174
6.57087
3.744261
2.80856
3.26904
3.292801
1.72351
2.328942
8.177206
2.045414
1.723843
2.961588
11.90715
3.542163
6.475822
2.491343
4.098436
12.25953
7.441276
2.306084
2.375698
5.826612
4.19566
5.410545
7.916118
1.091352
2.686954
1.6575
5.489247
5.10725
2.870985
10.82546
2.960029
8.24102
6.560052
2.540722
1.07921
3.020605
4.629435
2.841089
3.385058
1.930309
3.831212
1.347923
3.008908
6.547358
2.335589
3.741356
1.133659
5.128069
1.513014
16.06685
3.97959
2.410233
9.544825
1.816283
3.822224
5.544622
6.340258
2.675141
3.272402
4.286258
7.319801
2.594071
5.545123
4.963465
6.145119
2.98268
2.421056
7.762258
10.44966
-0.2588346
3.408237
6.791334
10.76594
5.220338
5.420524
3.133973
7.526075
10.07059
4.359792
1.12532
1.93649
1.790657
6.7997
5.801862
6.057649
8.09457
6.727598
4.47988
3.228011
2.595549
7.087237
7.929363
3.090544
5.11272
4.156116
5.8144
3.682354
3.85303
2.833086
5.169132
6.815088
0.9165652
3.134031
11.82966
2.033144
1.561385
1.046862
6.932126
2.980925
3.450568
4.958298
5.054996
1.807818
3.642076
5.539125
3.027805
1.602623
2.179956
3.328043
2.87328
4.473237
3.097151
5.01152
6.296538
1.083454
4.104545
8.508602
5.712598
5.565472
3.987654
3.792076
0.5348035
0.9604671
3.100366
11.13467
3.333374
7.50437
1.382837
1.10967
2.97959
9.459628
5.018848
4.840081
3.876738
4.174424
4.908244
3.436204
6.219122
7.417505
7.132924
1.717813
5.016586
8.895232
6.020538
4.312711
2.506092
4.762863
5.40739
2.695087
3.155081
1.437171
7.720595
2.357941
1.771939
2.746073
4.58004
1.418011
5.058562
3.373152
4.176389
0.6551979
2.568194
2.830191
4.874798
5.379179
4.251049
0.9545181
2.989342
5.273794
4.354616
3.782271
2.988854
5.972536
6.910304
0.9580961
8.173046
2.712187
5.210629
10.47558
6.15654
1.817919
2.113958
1.852379
1.755879
