1.879251
4.728903
1.654334
1.425795
1.286108
4.745899
7.319926
2.375172
1.952303
6.451025
10.99645
1.722996
5.801313
3.079594
6.217317
8.51126
8.110042
4.002418
14.11121
7.508585
5.393678
3.450404
4.69938
2.951886
0.6158344
2.684998
9.215525
3.771317
10.95436
0.5640945
1.999384
3.292089
3.51656
9.597727
3.037969
3.60988
2.788293
3.940308
11.75769
10.7517
3.197043
1.126127
2.053173
10.01426
7.285552
1.638504
2.942715
2.274869
6.771836
2.9145
1.845778
1.393823
0.5108727
3.602472
3.081018
5.765055
5.303773
5.217875
5.836036
11.35572
7.624386
5.157722
7.488695
2.708196
9.162791
6.817031
2.077709
2.084332
4.890622
7.094706
2.089271
2.301527
2.268506
4.105489
4.273319
3.594372
4.086093
8.838665
1.958904
8.689356
0.8885462
9.382453
11.79708
6.088442
4.781264
8.454456
2.353582
7.070177
2.152091
3.501383
0.8207681
8.251476
6.265802
8.81107
1.639985
2.090607
7.982559
4.586153
2.159757
7.685648
2.253095
1.311259
7.922137
4.907056
8.118982
1.073852
2.889931
6.493887
2.847715
0.4355445
8.571006
6.828242
4.527007
4.006519
7.227868
1.75917
2.013754
6.833039
4.467957
2.671672
0.8682202
1.792022
1.085508
3.900148
2.029681
5.814053
1.937727
5.596673
4.148233
4.58715
12.54049
2.847197
1.348554
10.8454
6.52024
2.973313
1.325368
4.490599
1.250669
2.170779
5.603607
7.730312
2.125473
0.5980642
2.309802
7.663308
2.310583
1.96062
6.868017
1.141541
3.214257
10.22257
6.098154
2.904853
2.920899
2.075672
1.201101
1.329711
3.707746
5.986831
1.604795
8.502732
8.721318
3.413987
7.979404
7.482887
6.454627
10.33563
13.31691
3.528168
1.266177
2.857939
3.680953
1.339235
0.8134703
4.962225
1.612515
3.962758
5.996459
2.110391
1.836771
6.646735
0.7533771
3.031231
2.066477
1.925547
4.155093
5.69351
8.446057
6.119266
1.825481
5.813993
5.223417
6.217582
3.456002
3.667363
0.8923231
11.60456
3.467153
3.821795
