4.742085
-0.06905173
2.057657
4.303709
0.840099
2.438114
3.59651
1.507961
-2.243753
-0.9324829
4.443922
3.276204
-0.5576488
1.362631
6.309109
-0.1116563
-1.01694
0.4352328
3.276663
-0.2935757
-0.6104678
1.25221
0.0533708
0.7918943
0.555503
1.98168
7.598817
-1.006053
-0.3613246
-0.7344356
2.817155
0.5292321
8.616155
4.619007
-0.8497798
0.4918837
-0.1476748
0.7871592
4.457201
1.687221
8.364578
-1.40695
-0.4896529
1.317885
7.671246
2.429158
-1.147395
-0.5984744
-2.244159
-2.428974
-0.1730568
-1.356906
0.2714186
0.07346515
2.36742
-2.007753
-1.837186
0.0006998768
2.250463
-1.968861
3.800151
3.142185
1.063542
1.350743
7.990406
-0.1485049
-2.139309
-0.2066495
-2.657271
0.8628806
-1.287571
3.827736
0.1432492
0.3482427
2.793066
0.4461282
2.533205
0.1295866
1.66289
-1.99587
-2.032584
0.7219511
-0.6872576
3.071229
9.646756
0.1015895
0.6053975
-0.07538554
-2.166193
2.588287
-0.8773192
-0.2347125
4.56767
-0.7390639
2.321579
1.983209
1.152132
12.54555
-1.357684
2.995909
0.7887443
-1.345004
5.073178
0.2009723
-1.284125
3.7381
2.134301
-0.9012402
0.2430328
-0.2907694
3.528142
1.725214
-1.286163
3.595517
-1.34028
2.172461
0.4038981
3.671844
8.258111
-2.70117
-1.857447
-0.2604323
-2.551267
2.737714
3.601999
3.31485
2.173213
3.436407
2.299496
-0.5151633
0.7763402
2.544742
3.457734
-0.4981328
1.897244
1.495332
10.45654
1.948739
3.457021
1.924794
1.696114
1.420355
-0.2166067
4.528784
-1.263566
-0.2216114
-1.817825
-1.46131
0.5016262
-2.10311
-0.3990605
3.574151
-1.690473
-2.125655
0.5178061
-1.40786
1.301707
0.4621864
-0.7628728
3.501346
-0.8705024
4.384119
0.7514441
1.365231
-1.342672
9.642385
4.698289
5.57518
0.3780176
-0.0806256
2.097111
3.339164
-1.417627
-0.4312337
2.346991
-0.1983615
-1.541695
1.495
-1.083209
1.155978
0.4071653
-1.507019
-0.7516144
-1.986126
0.0123354
-1.713599
1.427882
-0.1595124
2.323817
2.807622
-1.082279
1.300588
1.449584
2.958766
2.449018
7.365389
0.6817188
-0.2016967
-1.115759
-0.3658391
2.430719
0.03261017
-1.099174
2.135612
-0.9680064
-1.748623
0.7865718
-0.3840539
-1.946458
-0.4921603
-1.371442
1.929875
-0.6610126
3.179479
2.208606
2.99958
-0.9714935
0.0504959
-0.3582475
9.489811
2.688795
-1.24258
-0.04635394
6.103071
-1.183703
-1.535614
-1.13273
1.574959
4.124074
0.7882229
4.951081
-0.7792919
-0.7983348
3.426687
0.5624105
6.192116
-0.07224663
-0.1224421
2.29212
1.018391
0.3973323
0.9526031
4.255443
1.64316
2.263295
3.483186
-0.5572823
6.978733
-0.07947015
-0.7611042
2.940002
-2.058157
0.3261379
2.493863
0.154872
0.9937171
2.299961
4.480261
1.185103
-1.278718
1.397433
3.909309
-0.4946854
-0.1471823
-0.004207466
-0.4014801
1.842025
4.97545
3.537311
1.880717
1.011383
-1.259968
-2.31819
-1.205147
3.826273
0.7000272
-2.058354
3.457745
0.3730044
0.8960821
-1.955356
-1.856969
3.232799
-0.5797294
-0.8781565
-1.296702
-0.4970814
-0.1458807
3.119234
6.084002
0.6351051
1.947463
3.870324
0.8651422
1.585499
2.086204
2.57755
2.911032
2.111916
2.896696
6.892035
0.7286342
4.149139
-0.08054313
-2.539116
-1.422311
2.993013
4.112329
2.240997
-0.3383289
6.596486
0.8287275
0.8669876
-2.607542
1.495517
1.535856
1.662428
0.9550231
-1.453871
0.7649643
0.5347314
7.332474
7.419396
-2.590255
-0.506493
-1.842381
1.718898
8.486352
1.760673
1.22595
3.227284
-1.839378
-1.032623
2.763806
1.656125
1.526811
3.117231
-0.1896293
-1.203382
0.1795827
-0.09274979
5.579884
2.69982
-2.02094
2.437614
7.168054
1.528079
6.015685
1.290715
2.753064
-0.3432881
3.266446
1.81732
-0.2373941
0.7467486
-0.4196662
1.357367
2.499145
7.797713
0.7775904
6.117525
-0.9697972
0.7082891
-1.444337
4.339096
5.992997
-1.010736
-0.0570324
3.233216
-0.6747626
-2.599073
2.40717
0.01925344
-0.1647596
-2.73491
1.022233
2.052698
2.38159
2.051326
12.60528
0.7925486
-0.325354
-0.8741528
0.8704017
3.186714
1.289974
1.247026
1.3533
12.02756
0.3541422
2.364085
5.783752
-1.536758
-0.1145942
0.3617294
0.2189361
0.4715891
1.980245
3.433459
6.69046
1.90208
1.067941
3.367315
0.6033296
0.805696
1.108565
-2.411832
-0.5166248
7.220809
0.06238903
2.038694
-0.4584434
0.8926027
3.539325
2.440693
4.248786
-0.3870846
2.95638
-0.2382112
1.592305
5.952971
0.4427039
0.5107893
11.55898
0.6669756
-0.4575116
-0.3091463
-2.05672
1.76506
-1.273438
-0.768264
2.404921
0.5950711
1.994926
1.056777
4.527299
-0.2005852
-0.1865209
5.602426
4.929998
0.5137613
-0.3894177
-0.9584409
2.808804
-1.71105
-2.125889
-1.424018
2.287235
2.137415
4.275116
0.2533607
-1.235093
6.422128
5.289947
3.864452
-2.353829
-1.16535
5.045631
3.303644
0.4266895
-0.2579308
-0.346174
2.363456
2.251576
-1.548353
-2.115075
0.2712536
-0.6106304
-1.841064
5.714045
0.5968252
-1.168008
-2.044607
4.84369
-0.8382133
1.442205
-1.120628
5.60734
-0.2012449
-0.2383045
2.820919
3.91578
7.833768
2.229053
-1.557805
-0.8826226
1.784715
-1.220228
0.6749648
-1.552434
-0.5449994
3.510425
4.007361
-1.346076
1.136366
0.0246989
4.312579
9.78931
3.443165
2.017307
1.816567
-1.014174
-1.58113
2.109116
-0.8850902
3.113013
0.3261484
-1.835412
0.9393463
2.03344
1.789526
0.9961468
0.842239
0.7546875
0.3238907
0.1798538
0.5225528
3.584979
-1.200818
4.472372
5.132425
-0.9786223
5.756281
1.520436
7.620253
0.07298608
-1.222368
-1.055904
0.06433785
1.083702
3.220079
1.126471
-2.512083
-0.1382862
-0.06926566
-0.02962512
2.449039
-0.4489615
1.224746
0.7392169
-2.600195
-0.3972518
-1.968699
0.0760881
2.867328
5.033598
-0.01094235
0.1110055
8.283415
-1.716402
3.678457
0.2751451
0.746175
1.965744
-0.9979018
1.44816
0.5731322
1.334094
0.9632779
-0.8059132
-1.168415
3.739518
-0.2492102
1.163029
0.03475022
0.9356889
2.293945
4.580426
-0.7376047
0.9072436
0.6409215
0.4232459
2.506545
1.173728
-2.186951
0.6849707
1.73079
2.831838
0.5218494
1.013861
-1.043423
-1.818817
2.121656
-0.8181726
1.743079
0.4498355
6.258365
1.197528
-0.5860242
0.2984346
-1.152347
0.8230961
-0.6290072
5.386247
1.6261
1.43518
-0.5719048
5.096986
7.976711
-1.120573
4.651275
-1.941435
4.802107
1.998444
-2.321892
1.272472
-0.7599288
5.080019
4.448652
4.431735
3.350166
-0.9346088
2.070226
-0.4551083
0.5873286
11.16308
0.788632
3.278428
1.387584
1.99889
2.712172
-3.051769
3.595398
0.7482309
7.489336
3.173174
-0.04641241
1.494421
0.36221
0.05773576
-0.1186313
0.3602002
2.329902
9.614881
1.693445
-2.047258
-0.8943411
1.14847
0.3400819
-0.7592683
1.702649
-0.3814243
0.2446192
0.1339573
-1.551674
-0.2759626
-1.447061
0.9244819
0.06799727
3.649622
3.864832
4.218042
3.064042
3.881864
-0.452029
-0.7064845
0.4417855
-1.677089
0.4140863
1.211857
0.7268038
-1.225261
4.234945
-1.906609
3.675546
-0.6795211
0.2854892
2.155337
5.086175
-2.380921
-0.2652562
6.988163
-0.1022451
-2.279736
-1.787685
-0.9770458
-1.086671
3.44346
-1.645831
0.0273964
0.5623309
-2.211821
2.836684
0.1967609
-0.9455336
-1.265717
-1.233955
2.556467
-0.9329752
5.397867
-0.5943555
0.5148326
4.100555
1.808812
6.254577
1.712241
-0.8552552
-1.045436
3.575763
2.176771
-0.5440953
3.181937
2.071899
8.356007
-0.7132394
5.243206
2.113291
4.831209
4.805051
2.178584
3.281586
-0.412984
1.078442
-1.966815
-0.0316478
2.003789
0.8602408
1.941649
-0.6715611
5.40193
1.002887
4.962835
-1.569741
5.210344
-2.255641
1.572048
2.327192
-1.590795
1.298493
1.185731
-2.089144
-1.218483
-0.0233206
-0.9918227
3.680098
2.301915
-0.1636466
0.4328097
1.52627
-0.2314062
6.328975
-0.05621029
-1.999058
-1.405666
1.324456
-1.010911
7.85751
-2.310206
-1.592519
1.442011
1.341668
1.966314
0.6391029
-0.9590101
-2.16773
0.8264808
8.595045
1.481316
-0.009273005
-0.2663847
5.208493
-2.060909
-1.525973
0.9163715
5.881996
0.002567068
-0.1513006
5.092174
-1.231907
0.6872189
-0.1555054
1.154648
3.921837
2.109995
5.008157
3.721402
1.29542
-0.4924705
0.3486376
1.233414
-1.415969
-1.339268
-1.112361
-0.9145066
1.650696
4.765211
7.325516
-0.2557584
0.302343
-0.2755059
1.759937
0.9234702
1.546948
1.823926
-3.044143
-0.5105585
0.9290127
1.633526
-0.1376949
-0.744969
-0.6417018
6.143143
-0.1539952
0.4871524
-1.219757
-0.662693
-2.018651
0.09573382
0.008082457
1.929885
8.539775
5.60883
2.395819
8.63826
-0.1860983
3.197169
3.824815
-0.0009328981
0.5884394
2.392042
-0.5084445
-0.7404282
1.386411
2.206076
3.40168
5.446019
-1.363583
-0.1755875
1.146505
3.068131
0.6131748
1.895395
-3.031662
3.872782
-0.7231584
0.6219305
2.756292
-1.885816
2.049592
0.7602281
3.03391
0.2099386
-0.454518
1.356623
0.6265535
-0.3204476
4.003208
0.3138576
-0.2142945
6.653337
2.085151
-0.2889166
0.3329265
3.672382
1.26682
-1.757235
0.1633418
-2.50328
-0.7715309
8.061835
1.059701
0.5117359
2.763364
-2.067593
4.063734
2.62886
-1.450514
3.520881
5.553356
0.422504
0.8365603
4.737175
-0.7691233
-0.7899029
5.911519
-0.7557043
-0.8257194
4.328766
-1.080472
2.271459
-1.295962
4.426625
2.196369
0.3353888
0.8044718
4.217633
0.7150851
0.6602021
3.078912
11.14167
0.7676601
4.04123
7.550756
1.681495
0.5102059
0.6167898
2.534237
0.7101122
-2.233379
-0.6948696
8.250281
2.181698
0.7934038
-1.846103
2.85322
-2.028853
6.527922
-0.9740459
-0.1171308
1.881287
6.409331
4.938792
4.161571
4.567011
1.547011
-0.4627608
0.4788694
6.650421
-0.3130785
2.183566
2.071084
0.3478412
5.06772
5.161604
3.022794
2.116758
0.2602757
4.864625
0.3148997
-0.3320308
-0.6519239
-0.8054203
1.131628
5.538971
-0.6177393
11.72755
-0.6689317
1.90138
2.252225
0.05421974
-0.3100986
-1.479356
1.920318
1.432741
0.3642927
-0.1781762
-1.018742
-1.07325
4.498147
3.703349
7.901428
3.563504
-0.3465071
1.149496
3.737981
1.274986
6.027346
1.326186
1.80212
2.490135
1.903118
3.949433
1.668399
-1.715756
2.763428
1.365496
-0.8904891
1.083559
-1.58186
-0.7603417
-1.508399
-1.88132
-1.765195
3.52039
-1.604286
0.6702252
-1.339331
0.8195984
0.6960738
-0.6353448
2.470672
4.50851
-1.980651
3.41625
-0.1257952
2.646218
3.849537
5.617812
0.4684817
3.217977
0.3844057
3.518434
2.155796
-1.381157
0.5661682
1.435772
-1.661161
1.890819
3.699844
1.927226
